,calibration,output,temperature,kb
0,0.989,0.0876,86.56716417910447,1.3355639169306543e-23
1,0.989,0.08753,86.56716417910447,1.3330574967112133e-23
2,0.989,0.08732,86.56716417910447,1.3255382360528907e-23
3,0.989,0.0872,86.56716417910447,1.3212415156767062e-23
4,0.989,0.08755,86.56716417910447,1.3337736167739112e-23
5,0.989,0.08725,86.56716417910447,1.3230318158334494e-23
6,0.989,0.08705,86.56716417910447,1.3158706152064762e-23
7,0.989,0.08785,86.56716417910447,1.3445154177143715e-23
8,0.989,0.08715,86.56716417910447,1.319451215519963e-23
9,0.989,0.08725,86.56716417910447,1.3230318158334494e-23
10,0.989,0.08756,86.56716417910447,1.3341316768052595e-23
11,0.989,0.08735,86.56716417910447,1.326612416146937e-23
12,0.974,0.09354000000000001,92.16417910447761,1.454228200518274e-23
13,0.964,0.09331999999999999,95.89552238805969,1.3905324012763022e-23
14,0.959,0.09336,97.76119402985074,1.3652637665538216e-23
15,0.957,0.093,98.50746268656715,1.3435931418760492e-23
16,0.955,0.09387000000000001,99.25373134328358,1.360660425293306e-23
17,0.953,0.09506,100.0,1.3873917704234858e-23
18,0.952,0.09490000000000001,100.3731343283582,1.377293217981888e-23
19,0.947,0.09526000000000001,102.23880597014924,1.3630744270764678e-23
20,0.944,0.09512999999999999,103.35820895522387,1.344413299510485e-23
21,0.942,0.09559999999999999,104.1044776119403,1.3487697869040523e-23
22,0.938,0.09687,105.59701492537313,1.3669846336038473e-23
23,0.936,0.09802,106.34328358208954,1.390911203320253e-23
24,0.93,0.09875,108.5820895522388,1.3830714695436216e-23
25,0.924,0.09931,110.82089552238806,1.3707936483652394e-23
26,0.915,0.10142,114.17910447761193,1.3877564320884237e-23
27,0.912,0.10209,115.29850746268656,1.3922949946483556e-23
28,0.908,0.10294,116.79104477611939,1.3970610133052345e-23
29,0.904,0.10439,118.28358208955223,1.417429768514538e-23
30,0.895,0.10589,121.64179104477611,1.4165206310124027e-23
31,0.885,0.1088,125.3731343283582,1.446306769483502e-23
32,0.875,0.1095,129.1044776119403,1.4213120504495942e-23
33,0.859,0.11209999999999999,135.07462686567163,1.418155112006943e-23
34,0.851,0.11386,138.0597014925373,1.427006642558226e-23
35,0.745,0.12727,177.61194029850745,1.343254685335085e-23
36,0.73,0.13,183.2089552238806,1.3484059477902278e-23
37,0.71,0.13287000000000002,190.67164179104478,1.3422864765016126e-23
38,0.694,0.13741,196.6417910447761,1.3730970331579122e-23
39,0.673,0.14022,204.4776119402985,1.3630744270764675e-23
40,0.662,0.14362,208.58208955223878,1.386777390537907e-23
41,0.621,0.14972,223.88059701492537,1.3764686949119298e-23
42,0.585,0.15627000000000002,237.3134328358209,1.3841069486020547e-23
43,0.566,0.15988999999999998,244.40298507462686,1.3898676839445735e-23
