,R_in,V_out,kb,vj,s
0,10.0,0.5755,2.142150327995803e-23,10.0,2.559012781823786e-19
1,10.0,0.5746,1.3039175909540306e-23,10.0,1.557659954153685e-19
2,10.0,0.574,7.45095766259333e-24,10.0,8.900914023733991e-20
3,10.0,0.5757,2.328424269560621e-23,10.0,2.781535632417118e-19
4,10.0,0.5762,2.7941091234728186e-23,10.0,3.337842758900629e-19
5,10.0,0.5757,2.328424269560621e-23,10.0,2.781535632417118e-19
6,10.0,0.5746,1.3039175909540306e-23,10.0,1.557659954153685e-19
7,10.0,0.5755,2.142150327995803e-23,10.0,2.559012781823786e-19
8,10.0,0.5748,1.4901915325187876e-23,10.0,1.7801828047469439e-19
9,10.0,0.5753,1.955876386430985e-23,10.0,2.3364899312304546e-19
10,,,,,
11,100.0,0.5893,1.4995052295970746e-23,100.0,1.791308947276665e-18
12,100.0,0.5892,1.4901915325188244e-23,100.0,1.7801828047469876e-18
13,100.0,0.5884,1.415681955892891e-23,100.0,1.6911736645096476e-18
14,100.0,0.5889,1.4622504412840927e-23,100.0,1.746804377157977e-18
15,100.0,0.5867,1.2573491055627624e-23,100.0,1.5020292415052757e-18
16,100.0,0.5892,1.4901915325188244e-23,100.0,1.7801828047469876e-18
17,100.0,0.5889,1.4622504412840927e-23,100.0,1.746804377157977e-18
18,100.0,0.589,1.4715641383623367e-23,100.0,1.757930519687647e-18
19,,,,,
20,1000.0,0.7262,1.4249956529711284e-23,1000.0,1.7022998070393097e-17
21,1000.0,0.7279,1.4408289380041413e-23,1000.0,1.721214249339747e-17
22,1000.0,0.7274,1.436172089465021e-23,1000.0,1.715651178074914e-17
23,1000.0,0.728,1.441760307711965e-23,1000.0,1.7223268635927132e-17
24,1000.0,0.7295,1.455730853329329e-23,1000.0,1.7390160773872166e-17
25,1000.0,0.73,1.4603877018684503e-23,1000.0,1.744579148652051e-17
26,1000.0,0.7282,1.4436230471276137e-23,1000.0,1.7245520920986475e-17
27,1000.0,0.7286,1.4473485259589113e-23,1000.0,1.7290025491105155e-17
28,1000.0,0.7268,1.4305838712180733e-23,1000.0,1.7089754925571105e-17
29,1000.0,0.7271,1.4333779803415472e-23,1000.0,1.7123133353160124e-17
30,,,,,
31,10000.0,2.061,1.3856918513009445e-23,10000.0,1.6553474855641083e-16
32,10000.0,2.079,1.4024565060417814e-23,10000.0,1.675374542117512e-16
33,10000.0,2.073,1.3968682877948356e-23,10000.0,1.6686988565997108e-16
34,10000.0,2.083,1.4061819848730784e-23,10000.0,1.6798249991293795e-16
35,10000.0,2.076,1.3996623969183086e-23,10000.0,1.6720366993586114e-16
36,10000.0,2.079,1.4024565060417814e-23,10000.0,1.675374542117512e-16
37,10000.0,2.077,1.4005937666261326e-23,10000.0,1.673149313611578e-16
38,10000.0,2.081,1.4043192454574296e-23,10000.0,1.6775997706234455e-16
39,10000.0,2.077,1.4005937666261326e-23,10000.0,1.673149313611578e-16
40,10000.0,2.082,1.4052506151652538e-23,10000.0,1.6787123848764123e-16
